Pair [12, 18]	0.09090909090909091   
Pair [12, 29]	0.18181818181818182
Pair [12, 34]	0.36363636363636365
Pair [12, 56]	0.18181818181818182
Pair [12, 79]	0.09090909090909091
Pair [12, 92]	0.09090909090909091
Pair [29, 12]	0.3076923076923077
Pair [29, 18]	0.07692307692307693
Pair [29, 34]	0.3076923076923077
Pair [29, 56]	0.15384615384615385
Pair [29, 79]	0.07692307692307693
Pair [29, 92]	0.07692307692307693
Pair [34, 12]	0.25
Pair [34, 18]	0.08333333333333333
Pair [34, 29]	0.25
Pair [34, 56]	0.25
Pair [34, 79]	0.08333333333333333
Pair [34, 92]	0.08333333333333333
Pair [56, 12]	0.3
Pair [56, 18]	0.1
Pair [56, 29]	0.2
Pair [56, 34]	0.3
Pair [56, 92]	0.1
Pair [79, 12]	0.2
Pair [79, 18]	0.2
Pair [79, 29]	0.2
Pair [79, 34]	0.2
Pair [79, 56]	0.2
Pair [92, 12]	0.25
Pair [92, 18]	0.08333333333333333
Pair [92, 29]	0.25
Pair [92, 34]	0.25
Pair [92, 56]	0.08333333333333333
Pair [92, 79]	0.08333333333333333


2	[ (79,0.091), (92,0.091), (56,0.182), (18,0.091), (34,0.364), (29,0.182) ]
29	[ (79,0.077), (92,0.077), (56,0.154), (18,0.077), (34,0.308), (12,0.308) ]
34	[ (79,0.083), (92,0.083), (56,0.250), (18,0.083), (29,0.250), (12,0.250) ]
56	[ (92,0.100), (18,0.100), (34,0.300), (29,0.200), (12,0.300) ]
79	[ (56,0.200), (18,0.200), (34,0.200), (29,0.200), (12,0.200) ]
92	[ (79,0.083), (56,0.083), (18,0.083), (34,0.250), (29,0.250), (12,0.250) ]

